01010101010101010101010101010101010101010101010101010101010101010101010101010101
00000000000000000000000000000000000000000000000000000000000000000000000000000000
01010101010101010101010101010101010101010101010101010101010101010101010101010101
01010101010101010101010101010101010101010101010100000000000101010101010101010101
00000000000000000000000000000000000000000000000000000000000000000000000000000000
00000000000000000000000000000000000000000000000000000000000000000000000000000000
01010101010101010101010101010101000101010101010101010101010101010101010101010101
00000000000000000000000000000000000000000000000000000000000000000000000000000000
01010101010101010101010101010101010001010101010101010101010101010101010101010101
01010101010101010101010101010101000101010101010101010101010101010101010101010101
00000000000000000000000000000000000000000000000000000000000000000000000000000000
00000000000000000000000000000000000000000000000000000000000000000000000000000000
01010101010101010001010101010101010001010101010101010101010101010101010101010101
00000000000000000001111000000000000001111111111111111111000000000000000000000000
01010101010101010101010101010101010101000101010101010101010101010101010101010101
01010101010101010101010101010101010101000101010101010101010101010101010101010101
00000000000000000000000000000000000000000000000000000000000000000000000000000000
01010101010101010101010101010101010101010101010101010101010101010101010101010101
00000000000000000000000000000000000000000000000000000000000000000000000000000000