11111111111111111111111111111111111111111111111111111111111111111111111111111111
11111111111111111111111111111111111111111111111111111111111111111111111111111111
11111111111111111111111111111111111111111111111111111111111111111111111111111111
11111111111111111111111111111111111111111111111111111111111111111111111111111111
11111111111111111111111111111111111111111111111111111111111111111111111111111111
11111111111111111111111111111111111111111111111111111111111111111111111111111111
11111111111111111111111111111111111111111111111111111111111111111111111111111111
11111111111111111111111111111111111111111111111111001111111111111111111111111111
11111111111111111111111101101111111111111111111111001111111111111111111111111111
11111111111111111111111111111111111111111111111111111111111111111111111111111111
11111111111111111111111111111111111111111111111111111111111111111111111111111111
11111111111111111111111111101111111111111111111111111111111111111111111111111111
11111111111111111111111111111011111111111111111100011111111111111111111111111111
11111111111111111111111111101101111111110000000011111111111111111111111111111111
11111111111111111111111111111101111111111100000111111111111111111111111111111111
11111111111111111111111111111111111111111111000001111111111111111111111111111111
11111111111111111111111111111111111111111111111111111111111111111111111111111111
11111111111111111111111111111111111111111111111111111111111111111111111111111111
11111111111111111111111111111111111111111111111101111111111111111111111111111111
11111111111111111111111111111111111111100000000100111111111111111111111111111111
11111111111111111111111111111111111111111111100000011111111111111111111111111111
11111111111111111111111111111111111111111111100000011111111111111111111111111111
11111111111111111111111111111111111111111111100111111111111111111111111111111111
11111111111111111111111111111111111111111111100111111111111111111111111111111111
