01010101010101010101010101010101010101010101010101010101010101010101010101010101
01010101010101010101010101010101010101010101010101010101010101010101010101010101
01010101010101010101010101010101010101010101010101010101010101010101010101010101
01010101010101010101010101010101010101010101010101010101010101010101010101010101
01010101010101010101010101010101000101010101010101010101010101010101010101010101
01010101010101010101010101010101000101010101010101010101010101010101010101010101
01010101010101010101010101010101000101010101010101010101010101010101010101010101
01010101010101010101010101010101000101010101010101010101010101010101010101010101
01010101010101010101010101010101000101010101010101010101010101010101010101010101
01010101010101010101010101010101000101010101010101010101010101010101010101010101
01010101010101010101010101010101000101010101010101010101010101010101010101010101
01010101010101010101010101010101000101010101010101010101010101010101010101010101
01010101010101010101010101010101000101010101010101010101010101010101010101010101
01010101010101010101010101010101000101010101010101010101010101010101010101010101
01010101010101010101010101010101000101010101010101010101010101010101010101010101
01010101010101010101010101010101000101010101010101010101010101010101010101010101
01010101010101010101010101010100000101010101010101010101010101010101010101010101
01010101010101010101010101010101100101010101010101010101010101010101010101010101
01010101010101010101010101010101100101010101010101010101010101010101010101010101
01010101010101010101010101010100010101010101010101010101010101010101010101010101
01010101010101010101010101010101010101010101010101010101010101010101010101010101
01010101010101010101010101010101010101010101010101010101010101010101010101010101
01010101010101010101010101010101010101010101010101010101010101010101010101010101
01010101010101010101010101010101010101010101010101010101010101010101010101010101
01010101010101010101010101010101010101010101010101010101010101010101010101010101
